791375	793107
404018	707295
256622	744095
512548	879038
1289	179151
941438	582216
586681	785898
414916	298587
702047	4977
928609	387955
275103	68162
457433	298393

933045	451542
1940	447463
761205	203635
319841	4650
891542	7698
684442	358603
908847	565496
382321	141104
129204	533616
471934	435692
441189	573026
270712	371162
73510	825188
550352	306759
796177	274563
448110	322829
955634	273018
906523	86244
989322	39569
490788	188051
874157	533880
118174	42456
691076	610108
646920	350189
445782	787488
989466	130472
180995	566282
816248	873083
460851	54245
734270	68664
725729	419324
174733	818469
565734	339989
903543	425445
873997	893167

857	274634
186292	833065
440280	392625
592310	928069
693037	898021
512678	739294
690949	927564
993236	142287
118873	364970
95710	771950
913078	995866
702522	293410
641152	157373
352744	344993
383009	415887
794657	822232
701119	278442
401548	382579
255102	8243
148695	477009
72441	52988
559696	20602
740830	586308
451513	164037
61114	636556
824629	264039
141992	777994
499878	350020
364219	413822
392221	315508
76040	189122
477753	389343
126990	420271
820456	861934
1	999999
223691	611653
661938	838677
588597	207267
891850	255990
977364	504271
220352	823356
34511	382452
782123	472644
954368	388568
987913	430013
135612	575299
388730	503505
260539	536930
327843	584766
452416	946521
459438	596746
957429	165150
98232	478840
619070	544794
30102	403560
302020	559846
302257	315593
468488	315522
183119	277970
951282	142143
688153	400290
975742	956334
855543	34043
889390	88957
740360	872696
691808	210550
867551	676883
979177	836908
409340	663304
463354	487438
470186	435912
205625	257304
267489	117508
374363	579569
128855	328506
171281	677928
74494	693422
619978	697380
132537	430051
363092	480602
388775	478324
380009	141011
385398	205131
827869	81769
767988	512637
941	102182
861036	889018
596859	925134
868431	671104
615254	488001
363874	515173
648826	59361
440426	997136
378732	924794
544667	725245
483852	15434
86463	761095
660480	341101
42361	785212
547126	949950
580093	97383
862164	450038
993974	372718
171718	801581
529937	341503
143276	467933
757980	14799
943616	77967
401452	786110
791331	666916
260407	19869
174522	750271
266159	1376
558447	778246
434509	404040
740537	253546
981392	499893
396664	217445
582912	204628
551447	165987
351403	264802
885706	407593
765028	18543
237971	949802
328630	856010
405121	758721
447494	450751
196611	907390
441505	195403
170843	251546
686609	732762
