1 10
100 200
201 210
900 1000
1 2
2 4
4 8
8 16
16 32
32 64
64 128
128 256
256 512 
512 1024
1024 2048
2048 4096
4096 8192
8192 16384
16384 32768
32768 65536
65536 131072
131072 262144
262144 524288
85619 61870 
445016 242926 
853579 476365 
307036 655121 
987275 166089 
329924 204020 
841510 378040 
670042 912513 
613164 330978 
241453 669453 
607802 803255 
482961 317863 
272738 700793 
774662 109916 
81944 626106 
763390 494352 
581779 738603 
538093 871258 
677817 977519 
45648 568455 
679132 199453 
783368 17414 
661260 556743 
81339 260673 
164643 325350 
762797 173524 
106102 242899 
986731 846476 
523309 597652 
336399 830429 
263431 217124 
264830 225395 
332419 734734 
618349 5142 
132140 337313 
906333 384300 
488948 475154 
217123 504018 
246470 746609 
326854 95394 
913179 161596 
271329 486121 
726505 202015 
835774 619980 
254511 409386 
630305 772189 
427451 505325 
364503 289919 
220139 479422 
179952 571149 
743389 849769 
226623 779621 
166698 956692 
723907 373764 
312353 225853 
817244 820224 
681971 631593 
163736 869905 
768480 999604 
734144 50256 
84215 51990 
953973 671597 
33547 705624 
29476 790427 
72975 668268 
658791 131284 
480152 704340 
284074 647007 
896377 351069 
111752 293498 
787008 33263 
557969 399862 
601259 89126 
959839 108482 
385277 746429 
562910 217979 
651254 213437 
250184 872881 
324995 705148 
51157 471726 
687480 870593 
53241 814390 
448101 798822 
83758 933902 
355122 93075 
512511 7346 
17320 925290 
996704 414617 
876105 211249 
693688 899121 
988081 307213 
507632 573234 
668146 261771 
76279 47442 
707205 906278 
664111 408353 
519598 786318 
108710 546494 
547318 916537 
452620 394265 
324142 509397 
26326 725355 
357330 404515 
99670 949817 
363920 923450 
891179 369006 
284856 902117 
83627 353464 
522796 406852 
691556 558881 
192782 674201 
637184 833835 
803834 168536 
403863 935310 
857078 730190 
167805 231136 
837682 882305 
824553 322361 
889630 377040 
322898 184597 
997155 716504 
927647 641241 
850491 619899 
831012 539879 
391921 486016 
607979 234024 
796505 486058 
91233 904111 
501373 386297 
167949 644229 
264724 395151 
754974 652784 
445757 286982 
733631 851770 
588343 503670 
491368 409916 
874676 288057 
485926 703851 
443364 151424 
478780 997377 
411590 96401 
924280 355760 
496881 992924 
124330 920362 
680949 592506 
905547 236150 
903381 560768 
612559 105049 
340459 342583 
879969 273957 
572665 618593 
126706 653981 
145828 778994 
687316 520406 
22953 705452 
647748 29912 
554473 822797 
486249 974679 
704042 817849 
335287 951966 
966861 265010 
679613 478729 
597469 507643 
221045 748825 
237737 767513 
437721 233112 
584849 481822 
525675 705614 
207727 319445 
121435 413107 
888301 14811 
307328 886679 
274309 99835 
583476 866046 
