1 10
100 200
201 210
900 1000
176252 643550
465630 359855
409597 401257
934160 239240
265194 821388
632263 239968
333919 506777
490152 146027
524922 553802
539757 224415
574851 226811
616347 489275
688325 201593
75266 477767
393556 375455
415467 18957
400392 371481
67722 515049
764483 841099
400621 732983
891336 99544
76719 268981
618318 372637
494493 153220
389279 20646
258232 105796
212048 172076
451178 417919

797229 585763
511502 451358
703551 929982
583014 65782
290315 372679
750860 797668
391051 354465
524624 992947
548403 174124
626998 157610
149191 953894
495494 124919
825335 901345
299734 682661
388747 212922
385972 64908
456478 39329
864952 969472
331331 813052
800406 574653
210841 319499
517919 55844
588358 359312
742210 159315
320076 220366
714549 340332
7211 390373
191409 563512
661811 666982
184159 697689
592707 534313
189278 34706
787644 496055
283681 345675
551652 864108
329471 987576
488695 122836
200769 920309
799467 436508
244869 159261
829993 686877
782484 125619
540711 880571
620977 460104
563925 202035
37231 349398
81732 82412
155027 860795
229519 835961
464325 739967
782229 447289
513953 454615
91077 942646
598044 457603
107817 559225
90262 299218
512296 725624
123336 556998
955364 129581
572538 844195
566434 21365
585769 981923
249198 400272
443228 358404
452949 713284
936253 136014
906986 893239
957655 517916
882431 302448
425159 332723
917426 569548
591318 432987
305931 261580
203855 483761
177497 211850
85587 81222
163333 510466
237518 737577
333989 192356
245654 125768
382644 568082
397594 497256
334623 980054
238641 692817
879381 365087
520720 684948
148397 692571
248369 190525
451602 441209
653438 836706
757938 299107
884034 860826
324281 96828
774803 517214
231764 58477
453233 110404
153956 796458
417607 531615
340895 230687
517508 572750
549927 722241
336639 588586
275148 442147
140964 701278
114339 27552
360322 973666
696571 353391
809368 727714
513392 450042
330501 446424
209367 476767
655128 616017
654219 757105
510227 801320
280329 765169
720693 222552
231621 209408