1 10
100 200
201 210
900 1000
477128 477193
785070 786197
889857 891122
3371 3417
211522 212842
316136 317674
676171 677575
540269 541007
585585 586962
228664 229776
650635 650872
42527 43512
258471 259874
332166 332743
289511 290875
85511 85937
343691 344490
543071 544820
33300 34862
86046 87722
59917 60254
806829 807916
603321 603703
721744 723232
209844 210350
797252 797363
801936 802522
493430 495853
809137 810968
367473 368522
268650 268682
305136 305262
629583 631449
13660 15385
113472 114790
125535 126219
768204 768907
540518 542526
129646 131534
812158 812765
512699 514804
713161 714891
4260 5181
766606 768695
868134 868844
647800 648569
22034 23661
119295 121050
135615 136435
229414 231387
267020 269062
377238 379411
488548 488940
537625 539934
136261 137576
261087 263477
535094 535665
691641 693484
59519 61566
422979 424168
252551 253185
639456 641273
124084 124529
435265 436042
749349 750010
293292 294343
663313 664439
750951 751395
91382 93604
31864 32699
645537 645770
382295 382695
363371 365483
416929 418130
364449 365756
653024 655011
549121 550214
7261 9196
843975 846387
429103 430303
180717 180733
29532 30838
861830 863121
478151 479931
680761 681824
462871 464362
677681 680027
164305 166638
130427 130798
672824 673648
858498 860737
836066 838125
578435 579437
90328 90642
47556 49379
405261 407107
561024 563062
11385 12818
718208 719139
124408 126571
440125 440211
655348 655926
308238 308977
14737 16913
685222 687560
94072 96230
305276 307735
771748 772145
498509 499650
655117 656139
854636 855437
843073 844487
437082 438492
252951 254018
867493 868543
64712 65019
441559 442300
667233 668967
257255 259567
445610 445809
346185 347693
531700 533835
312490 313070
215352 216079
400415 402115
330895 331162
464110 466350
339688 341111
546094 548343
565260 567330
451647 453731
277033 277944
437533 439616
644726 646400
404365 405959
863867 864262
862843 863715
238148 239908
877809 879991
355797 356749
747331 749344
713275 713404
360469 360766
123509 124790
44227 45491
230985 231254
248248 249757
241502 242649
444960 445318
75777 77223
