98320 98047
97969 63197
60963 46918
52260 46886
5834 81592
32486 67820
33661 96361
20342 10653
22827 1755
94874 17709
98915 31972
51764 22249
65116 26781
68289 31058
112238 24892
104433 15247
30593 86519
26573 102037
54853 66666
73035 77634
94444 95910
105415 79622
32010 12911
56242 45554
207 79476
10873 20207
43422 79877
6925 106397
15792 80207
40428 62953
45102 87860
82629 2281
74298 101148
99201 14115
6987 47411
85330 61365
95950 109671
16104 25827
59176 74395
5500 49348
63422 38867
1773 112190
51166 73954
28332 73977
2318 65567
64218 108373
38263 46569
84151 77384
51670 44388
84240 35691
76936 87812
7591 10046
15055 55796
15133 92565
24838 101859
60122 16279
50907 90553
51708 8321
8090 44963
38726 10708
83642 83605
59584 26644
42561 96360
46673 9905
102447 92313
40033 8102
76130 10470
39108 30134
84234 44917
35074 44514
93435 50721
56026 22252
65028 18600
5392 15039
66297 15427
84096 52890
95736 18425
9216 22567
4181 4169
27944 38611
38090 73264
15969 20179
15359 41735
38022 99998
99336 7257
45497 107953
18334 109367
54348 12999
46449 97145
38594 63622
92452 30083
60381 72696
26031 44546
103423 65254
72004 75050
88039 16651
102324 48660
24284 50991
75882 39283
13060 27554
100266 70047
69422 28009
43529 56174
69078 23269
74279 48546
102959 49285
85862 14606
64827 35385
33889 60123
843 82486
112659 59769
25844 111951
36242 54572
19246 9156
11809 28606
39874 67809
79162 4251
24279 17827
48858 99725
32232 24759
57579 62577
57627 38426
48745 104194
9318 99522
44475 66838
75745 28240
40154 61777
63212 111907
49182 36313
69047 63748
68611 30421
95597 61569
52737 92798
9358 84021
33359 63837
59543 2276
26528 11598
76076 75629
90406 18509
18786 73655
111210 11002
106195 107149
30999 102595
107155 63107
30804 25983
16996 24918
64088 62896
27020 110312
13706 34258
9440 110658
26389 64392
66389 39637
52264 5899
31855 3518
47281 24162
68192 65313
54687 64015
37015 85344
105365 37871
63839 64847
95634 33048
35395 99407
88195 64656
67124 21204
51862 110037
42367 21577
105555 109122
3906 50054
79872 81525
91823 30872
1437 67131
19496 1655
112511 77300
50688 100372
11588 38502
8305 100757
108464 70140
40003 41864
111795 64266
42632 89988
8618 32403
54849 95295
4171 49373
29346 22216
20311 58595
34888 12090
85988 36567
88004 37298
28175 67154
36364 56175
41091 60158
102597 68865
22798 25659
43374 105018
52809 91082
65415 32004
31921 5678
8374 67173
58638 562
1334 33979
