1 10
100 200
201 210
900 1000

1 2
1 1000
1000 1
999999 999999
350735 155601
556994 203074
565851 935388
119633 284744
872160 954500
855777 904180
635003 707489
164978 891565
151373 241806
322604 885918
130948 729054
500372 665003
260430 456585
134353 881171
806350 935658
513774 653881
121662 451947
260456 543536
245194 788118
245919 595137
599338 709704
922646 993545
384037 762465
648323 964988
558054 837130
387691 538885
313 36744
173281 474346
479937 930360
472516 522262
2901 36922
696505 713807
254602 629316
129129 769983
160362 787900
126019 196407
256733 600145
57068 94357
279417 434834
639558 720083
534932 818942
944517 673755
877199 964633
91873 57033
175778 780653
5396 430746
901910 235196
926008 728094
51712 60114
153803 521830
519629 761496
514679 778837
772370 811469
1489 150055
634 900578
56 584148
19723 811700
33244 489664
344953 351968
38522 418586
652481 677988
91497 994871
58127 794203
9980 458706
301897 779822
11870 834216
236902 809376
34712 343573
312591 402915
406467 872282
2293 617541
280 4680
114984 298459
702 849566
209 758561
1245 467829
1679 77837
370 81169
189 15055
634 9078
561 5848
123 81100
3244 489664
953 351968
8522 41886
2481 67788
497 9941
127 7943
980 4587
897 77982
1870 83416
6902 80976
4712 34373
591 402915
467 872282
2293 617541
280 4680
84 29859
92 84966
9 75861
5 467829
1 1
7 7
999999 999999
500 500
500 501
