1 10
100 200
201 210
900 1000
965959	975663
383354	194211
180783	504755
818527	808371
68150	489897
402995	233064
751459	93474
706767	732032
596416	766667
943582	85816
177962	768986
321379	908888
757775	26968
970957	689710
934543	342411
141901	546387
942935	413542
169594	592482
547754	630376
270403	602349
415638	139830
924207	775305
526397	905674
698564	297605
178653	972187
968198	885936
151508	431403
169005	164338
895421	558819
615727	678921
524388	910949
38743	70193
536088	470096
290685	550056
421694	606139
684011	489400
29218	441848
565424	289348
1134	390552
5933	130525
704305	218287
994202	621357
489153	806105
451734	618309
518625	879590
475826	640745
97987	894564
77743	234632
675839	709996
705338	965456
737581	862223
614063	528065
849425	960403
628642	405880
140187	78957
871226	618861
734578	688615
577734	697885
299952	633624
720984	837120
891976	986081
159774	247748
727562	974867
652852	541332
807772	610982
475898	583380
870208	538117
654078	786062
247359	306541
668345	682091
101133	139412
580626	884007
454510	296179
817664	656170
484575	615216
821682	143127
635586	589469
193121	184784
781591	356618
37778	382889
342551	347392
880459	553595
239798	608868
797236	430445
371721	500165
355690	624008
466724	951203
441246	71682
373149	408007
938431	311571
762115	88473
316419	515829
425183	819521
752301	542186
682185	475439
909898	98288
490982	777670
434451	250479
410899	179567
33793	919463
893833	580596
387691	538885
341313	367444
73281	474346
479937	930360
472516	522262
153803	521830
519629	61496
514679	78837
772370	211469
143089	10055
320634	900578
843356	584148
93723	811700
373244	489664
344953	151968
38526	418586
652481	637988
964841	449700
333348	778714
243614	491536
129099	506418
533062	144228
373601	49019
98661	311672
991549	372795
370917	444221
551110	516730
896013	71013
446824	246638
430451	646071
387306	373178
427830	290299
290897	409040
739751	896806
862161	436309
628839	51740
560238	531332
657777	406088
989270	40435

429757	521522
177353	824771
215254	722151
227721	660895
728478	645408
491464	726682
