1 10
100 200
201 210
900 1000
101780 102994
20190 36844
29111 59000
34584 59633
752080 752276
548753 550906
217011 226106
33724 98802
398151 401848
61504 105891
119226 123633
342809 347321
78576 93988
72992 101909
124179 131955
1298 37430
22508 45173
123436 132499
3867 33394
49948 99465
65670 102143
3520 17296
75755 90260
99014 101355
450 78900
60081 108946
16287 27662
325801 325888
65971 86191
69399 103183
57003 109921
6950 16907
173660 176308
230930 232921
69265 90163
6428 63076
21203 78094
41985 54648
37906 81093
56534 77407
1623 60017
51802 83790
127853 128256
60423 86883
41809 88621
120720 133114
53983 94863
17806 111358
23478 98562
219314 225912
10732 70066
9170 26684
64660 69226
35333 45939
6328 82249
103410 105737
738840 746158
19504 89525
28683 37218
53388 108246
40530 72478
101767 111990
657529 658805
16643 18258
988852 990763
35258 77097
63065 77065
8028 17587
590781 593562
26934 94569
52164 98806
300135 302245
8962 76431
35237 82151
40595 90474
71369 109360
153407 155044
59968 79067
48352 88681
229443 232129
36579 70514
126872 127999
83167 99798
18600 48316
50273 108642
19755 113184
22069 72243
92036 103742
19130 106550
21002 45954
661998 664419
41802 52573
738567 740584
67993 72335
9493 93761
27559 34990
429514 429858
27846 65499
82857 91035
2638 46209
140484 147304
12674 113333
19126 72322
30496 62026
40041 78840
86501 102862
593943 599349
39246 54910
51462 69217
34609 58515
659896 663701
440070 445651
91213 94166
76929 99536
11992 33985
23415 27945
24861 105126
87966 88812
43414 100567
9748 51904
69733 106925
406635 407135
19822 79674
32827 40932
75518 107722
681141 687162
11691 75693
248032 251018
48873 74815
41820 80531
49704 70524
37926 109066
21437 51327
35084 67012
2888 70826
122483 132048
800426 803680
637091 637506
10688 94420
8120 81134
78316 86939
274 34558
100576 109439
76521 80778
56711 102689
60157 82750
7452 9313
742 85441
643292 645123
41071 49226
