1 10
100 200
201 210
900 1000
402470 141226
100624 458054
462726 94015
837723 257896
332972 93629
240066 582204
338785 795886
407891 856240
92232 823427
267868 653777
201815 662796
397050 475274
204658 505539
285183 989515
648037 213186
952767 572165
995390 897621
47031 754257
303045 770730
775963 82864
37210 952229
701435 21805
651177 551440
555473 270559
540875 727984
858025 173515
832764 314354
774317 99110
61429 850884
139980 610551
882022 202113
972743 109339
91410 930948
385816 680547
67526 121694
749247 494551
809975 511074
375978 827102
596471 244317
304447 425653
569748 78563
351370 822237
6605 498052
64958 877586
300594 346590
358762 656309
505431 693260
121913 489611
894644 478524
26597 954782
634908 825695
807354 276801
28568 815673
757891 268977
63584 79512
282899 322775
408821 973729
980657 816555
952478 181765
917793 206706
480765 304403
48331 579751
860300 79016
797515 876664
130106 437377
546708 864487
17436 417265
810817 322385
153937 97453
840762 682572
144375 39429
627455 770089
913348 353966
911252 499672
589954 272442
561289 984171
851625 811048
307493 182707
868826 158872
368047 753223
161526 453079
449432 989475
45785 844056
82056 1708
369655 592388
988291 432273
225489 191912
790136 904462
235603 142605
721318 175690
764877 107237
864683 136673
831692 849377
182891 397372
568532 729760
351385 110043
525117 901057
978021 165044
784039 778137
504706 251445
814108 622144
538067 781670
954816 867526
428529 515818
750775 84739
694235 284324
118867 667596
299963 770743
74104 422146
130705 582053
105551 753028
416318 595801
424867 567620
678255 238272
318427 717367
107300 190353
402452 908518
945628 410286
242651 833442

