196913 808885
682463 79
502790 141904
969128 16
321129 996835
391703 347601
133 794448
841060 502
431794 228519
3798 195
6665 410393
90683 379204
58 414397
776328 148991
535806 610166
4 60970
536296 940836
617688 305067
919344 383388
55962 462286
14685 28
7696 974283
24138 359611
317259 697209
767877 76541
194016 618080
834275 229901
79 11585
39896 7098
675084 78235
969205 449475
403093 4694
632457 91576
299655 613663
2796 52239
55823 804802
982066 296093
84 486488
7853 166286
746619 573128
60938 205442
32363 14
155674 849848
296 601625
872295 3451
368553 359071
929682 755234
846033 635166
74 222404
72826 752193
95438 574978
39707 423415
77820 214016
51911 674536
63194 2981
17750 292387
995105 257354
98122 46458
82384 332918
5199 205664
474 246698
6840 578464
82608 489974
630384 97
787435 492593
876 1605
9803 4670
182071 6036
33717 567
6438 593780
555123 293237
2110 816
540995 570480
1779 1036
1 636820
298822 723460
300597 557726
417652 273486

84 580947
362177 372846
60 310072
698834 429
948 651511
638570 6456
85324 9560
7 5669
7661 264805
89274 554
29677 178772
603890 110585
7680 785
835 6
453 7156
43113 50
44500 539869
818522 9131
102629 538
500247 228818
153 614077
40146 814766
505584 184
612 387531
9311 52
75 980319
781 646
608260 414004
412939 775543
21579 124698
85367 52246
98 111
440832 19
2 350
628061 115414
659 67
60331 107228
709278 985128
88 571625
678066 153
795 455677
9 279873
622796 138434
530653 595624
867491 347064
314633 437430
689273 174769
191544 497466
471919 511941
477985 571643
334703 35827
187690 93967
783135 339725
535018 94683
340628 44585
373981 335001
616798 26114
924364 963032
289816 629266
19910 548505
539023 38267
44497 336711
648654 443769
475139 513819
203730 960272
811118 255051
690747 258642
771596 832880
284940 467155
288074 994969
623920 524640
230121 283525
797717 530380
587257 151210

244734 599439
535818 66204
560782 459275
633722 491352
257423 447094
856581 813418
476273 116055
526348 576745
