1 10
100 200
201 210
900 1000
20 50
201 300
199 250
545 605
1500 1001
500 251
100 1
1000 101
1 1000
1001 5000
501 1000
99 999
229695	640139
998907	157939
388970	891371
230304	960453
104860	639868
374454	493488
824690	548012
921414	11567
398488	285514
569228	911096
660692	70552
689176	290699
140368	700799
110853	156181
312724	34290
980733	49496
165263	873510
176071	297788
382300	914637
802759	51417
757221	675305
368888	676338
756821	166398
767334	893798
968823	638059
510039	906857
712472	873103
622422	573372
44110	538597
858192	608009
44602	650775
686808	613059
218369	730336
437845	338681
484685	446335
928045	521607
795164	494411
808891	443449
659850	133999
756951	71121
188030	675328
499133	503962
900027	948054
28301	47950
716380	854226
845969	484933
346115	694859
999446	850596
726352	841371
537962	16646
321627	688869
813756	663647
109232	264212
852298	186644
101226	862602
342838	281186
596342	796999
718284	612895
30820	867864
800263	484690
252429	993193
144689	806458
665661	236572
546925	501415
824042	37915
145455	892417
695680	773353
855403	515327
80394	38254
887303	605492
860927	911692
847803	520810
6109	875855
183311	959915
919642	302101
820130	196513
129678	915014
197514	540336
743604	645938
10865	712553
553440	756472
533300	761034
766816	632802
703106	65113
565661	41534
390152	838131
203234	955583
770324	60841
211059	309210
319802	68036
366891	319337
176636	5650
484094	602551
552481	965595
822110	741890
804251	708827
190910	687885
126238	755366
985371	158536
841460	505418
767189	999027
789050	337868
205582	545942
576902	606096
265870	391310
492686	583808
456032	414736
894596	452777
478737	57056
671478	836490
359925	461447
16811	754634
520070	378960
52575	787412
245874	333752
648497	120125
906171	408264
626327	762713
746178	907483
643147	786859
136636	220140
343308	383880
305940	105762
916540	96298
188450	513104
188349	266240
254810	797775
220001	973712
262132	371685
44371	392726
669824	490610
358149	482885
392384	705922
763163	503172
333452	939200
59157	686208
533976	425446
831607	75605
32862	467
900886	414783
153607	426805
777653	790860
120293	385959
802695	567799
687746	953457
944003	299278
389236	562400
14607	357904
111180	225434
755710	450256
