1       10
100     200
201     210
900     1000
9       9
900     100
158943 116935
88308 123694
46812 43798
58817 11164
24599 126271
19428 129804
412343 412975
514712 60114
706301 997024
217129 24550
101625 308532
733019 6232
261194 867635
75596 47483
974131 383049
953328 821385
51908 353334
522325 613521
775094 585487
529050 535742
116979 19687
113156 28769
168872 172754
56972 131362
887     557
223214  413855
303135  892935
234995  111471
827770  588070
562355  559586
962803  462758
513545  485583
54225   408046
906691  743208
145348  367036
424206  336282
445932  692832
759108  244048
234     829792
875314  509063
765795  699302
579654  249732
231791  938433
421886  570216
118742  19712
709416  118314
636568  691071
642898  476412
825634  92429
547357  809752
281850  437870
617642  663441
31642   547312
602136  348245
103198  577145
791412  326333
80169   46084
524521  873577
306249  965945
416584  72192
333066  326856
522041  33601
906655  246068
9788    133852
887888  149400
335251  682607
51674   370167
712045  864974
708042  106988
782577  39269
93582   87654
930452  28182
883498  297314
413107  888478
61226   29377
550495  25686
440705  181951
29297   752858
844890  331455
670941  910271
933103  600044
233016  331357
148916 855794
507100 727363
816479 190616
166536 722846
794880 78571
887206 712480
913001 483236
747374 9549
109421 742250
954630 330525
918976 369623
254307 368686
501196 549095
430588 387924
302020	559846
302257	315593
468488	315522
183119	277970
951282	142143
688153	400290
975742	956334
855543	34043
889390	88957
740360	872696
691808	210550
867551	676883
979177	836908
409340	663304
463354	487438
470186	435912
205625	257304
267489	117508
374363	579569
128855	328506
615261 854183
222646  437490
497990  690085
155682  424460
586744  125590
264704  448777
471127  813701
629099  580704
504228  232974
81371   536042
135423  15381
186657  726078
641663  466671
583274  652170
849497  80932
993236	142287
118873	364970
95710	771950
913078	995866
702522	293410
641152	157373
352744	344993
383009	415887
794657	822232
701119	278442
401548	382579
255102	8243
148695	477009
72441	52988
559696	20602
740830	586308
451513	164037
61114	636556
676113  483161
354092  608323
724150  624808
517439  202089
498734  385345
74848   514522
344848  107650
449412  390839
614708  648317
107688  954567
124574  714203
166077  172863
377977  292295
228997  90384
312076  321274
283183  832053
271096  403943
863451  795056
139705  720147
460848  484503
779887  494819
299445  586186
620016  317375
537119  242867
557828  106767
274412  798457
1972    853356
895668  856646
458760  811094
595682  706229
387319  245669
874256  903342