1987 96325
97785 68494
574648 571096
143736 2414
320880 324002
298971 296898
104414 32798
742269 739637
31975 155671
67017 88877
145974 2421
41133 53878
529957 532649
16201 60586
126875 102375
633469 632217
112033 11424
111286 77794
59698 29060
17700 152910
81968 70557
899313 899236
62847 141457
755846 754823
80754 21729
19776 29051
136263 40867
313195 294136
264058 269871
152955 11029
86404 108300
170784 207236
37667 69850
384413 388570
23415 35595
597998 582824
35063 86237
99148 112519
121347 80860
12525 141020
57375 86111
139239 39981
980616 976504
180876 190437
977067 980878
53561 39820
321368 336977
135761 26839
37870 140530
260210 254289
730468 727536
79982 114517
158943 116935
88308 123694
46812 43798
58817 11164
24599 126271
19428 129804
412343 412975
529050 535742
116979 19687
113156 28769
168872 172754
56972 131362
81575 121262
972058 964875
15220 2600
41538 84657
192282 177696
621984 609171
675747 684094
576378 576981
141612 2661
44172 128965
18697 70921
516498 532930
61761 13013
719401 718229
59666 59750
153479 44058
67060 154333
492521 493337
433214 449593
156111 44640
92366 35927
151719 76166
462351 474693
18007 143455
616903 610766
744091 743078
618284 618978
124492 128415
69183 129433
396949 405003
40918 116351
535955 530075
355481 335837
23961 7230
89385 69868
438477 441252