1 10
100 200
201 210
900 1000
338 4884
1 20
1 100
1 1000
1 1001
383 4994
3 94
4 44
4 99
6 92
383 404
363 484
3636 50505
5855 67120
25389 51641
1073 14233
85598 8117
93652 3395
44403 35143
47967 99763
96014 7987
13706 11977
36874 91043
9900 80241
35865 79965
848 26208
34901 96694
47 959
3 45848
7477 8595
234 941
3280 4885
4416 4966
499 2924
4579 3185
900 3976
2774 4444
2315 4309
4932 846
874 983
1532 4279
5758 195
1575 848
8691 6619
2886 2690
4991 6478
3281 1017
641 510
4 94
787 3733
90 909
900 1000
1 1
2 2
1 2
7 43
3004  30664
35621  18194
112325  61716
52618  90047
768  1986
7004  73388
57817  83798
38161  89758
3887  21379
41611  48924
106564  33532
32869  84215
30011  19022
40230  68974
32918  95242
33 949
3206  52860
433 994
8663  35970
101 20000
102 30000
103 40000
104 50000
105 60000
106 70000
107 80000
108 90000
109 10000
38 39
474 2622
484 4848
33 373
4888 37474
383 38447
89 91
3 7
1 54
393 484
1 38383
2 49494
3 4494
