5 5
1 10
100 200
201 210
900 1000
100 50
235685 17942
44927 295840
887608 288091
661380 230839
71540 508734
911561 513518
266512 230715
427292 860907
720540 100936
128008 381603
748895 429801
195598 456590
678201 162511
601600 373875
970599 355711
324829 447139
602163 674306
971533 113342
725819 421133
438608 466838
726804 403223
193638 106577
293901 3697
996505 713807
854602 629316
929129 7683
960362 787900
326019 106407
256733 600145
597068 934357
679417 434834
639558 720083
534932 81842
944517 673755
877199 964633
918723 571033
175778 780653
155396 430746
901910 235196
926008 728094
514712 60114
706301 997024
217129 24550
101625 308532
733019 6232
261194 867635
75596 47483
974131 383049
953328 821385
51908 353334
522325 613521
775094 585487
165795 419607
198305 306898
456439 880044
556045 857773
556779 284011
285052 106994
585048 848261
66935 293691
822108 128689
579461 499026
594098 339595
33415 171751
114812 696216
491161 211291
115592 651102
176168 735457
951458 14267
985507 331127
330231 677640
947128 399751
279583 892093
621611 350770
303112 238825
802412 804576
214900 803712
790486 602101
394578 704359
913683 426822
148916 855794
507100 727363
816479 190616
166536 722846
794880 78571
887206 712480
913001 483236
747374 9549
109421 742250
954630 330525
918976 369623
254307 368686
501196 549095
430588 387924
615261 854183
427591 756263
624010 204263
650872 959983
811814 524221
702978 713348
481797 172430
491431 147574
770215 162967
294720 969886
450816 87830
112102 145591
905869 561517
289632 546590
857735 82960
617127 764270
453710 839283
963037 443256
148452 517867
211982 300915
692734 693204
446910 58554
91703 357136
847754 714115
345756 53912
159967 496871
731321 378097
294633 386784
559369 310957
750561 161546
241943 736578
141560 295311
204014 391340
539711 604935
142335 528225
86978 524846
714916 690492
919588 154045
222206 196175
354934 904887
722700 270822
152705 619633
942606 938001
751487 273612
