1 10
100 200
201 210
900 1000
1 10000
10001 20000
20001 30000
30001 400000
1 26
28 33
1 35
500 900
300 600
1 300
300000 500000
600000 800000
600000 800000
300000 900000
100000 1000000
1 1
888888 999999
1500 2500
5000 60000
60001 80000
800 565468
6548 65798
625 654897
999999 1000000
90909 99090
87989 889865
65465 65489
98799 99999
99999 999999
654696 795466
654686 654787
123456 123457
12345 123456
1234 123486
1 800000
2 200000
8 800000
654 654654
123 123123
123 456456
500 501
500 500
6546 897987
654798 789454
111111 222222
11111 22222
1111 2222
111 222
11 22
1 2
123456 456789
10000 80000
80000 156879
6546 698765
6549 698465
12345 49836
8597 65465
1 10
10 20
20 30
30 40
50 100
100 300
100 900
400 900
400 4000
500 5000
599 12030
138912 142132
1919 129319
1512 14515
123 131545
12326 34522
123123 321232
12312 123123
466 546226
2624 23462
6234 23462
234 2345
2436 76335
4245 724752
562234 655555
2 2
1 1
10 10
100 100
100 10000
2351 462436
1436 684467
3653 354635
35635 322222
2342 23424
4444 44444
666 66666
66 666666
1000 100013
