1 10
100 200
201 210
900 1000
1000 900
210 201
200 100
10 1
1 1

653858 478059
642553 35586
858850 907327
559400 671839
761814 594102
386409 266748
156943 71354
850787 117092
866954 895562
331052 763059
330912 760746
372019 815290
630455 23969
34199 747546
209550 42891
672062 900648
165003 558960
475839 874713
578533 127277
617119 429066
223906 13095
386607 118183
599633 961093
300359 455655
135083 490093
63201 518248
268522 862851
651130 127960
312796 496954
93405 799927
339161 301051
281102 825857
725492 245434
957340 998140
836117 729443
314775 28763
167350 374606
803756 322877
812787 582933
103520 568646
464637 408528
554593 120610
827738 966209
827463 851921
807185 209724
689533 931403
916452 183368
11051 981179
934997 631258
871020 28989
252005 10538
861851 399385
648949 487426
521402 916021
505786 325214
474119 925197
139816 330784
499770 510882
836030 395139
418 329495
207536 44734
708228 942846
658829 922986
723610 24560
520440 35303
989989 540779
557355 574552
848741 853033
858932 484751
987892 469668
644814 32674
313579 368237
43898 168445
158957 150093
153297 950393
693327 994672
715001 282719
860066 173027
80868 794139
31779 312910
158124 435001
465397 841061
84994 830983
404517 389998
991295 934501
532444 206550
509385 383062
834952 9747
896053 237803
72464 20618
584742 626533
392753 458619
257488 333179
743965 418312
553644 335933
236369 685060
451870 767772
673514 660190
945088 623076
964036 988371
985618 363323
392092 838013
636069 866787
6130 342689
417021 342612
79849 628960
811210 347417
30991 313158
71639 427036
286583 736025
635406 436175
793954 192465
497763 367500
531525 308389
788645 548497
226842 567006
777418 473459
775909 959176
572817 224116
846375 965501
478260 745910
739839 989562
961147 727725
646698 546335
47042 758360
966310 962738
763370 891590
566232 711650
810960 858760
438995 748368
165244 714305
364299 941155
287349 514264
486829 622933
223370 301198
617835 585820
303303 47542
190678 729762
788704 740869
274071 214713
973849 897200
753192 978480
813121 698215
537448 60007
316263 310892
844915 761471
10177 121784
956002 942253
720104 956857
521331 225463
