250186 324940
389763 839795
456421 615256
262957 450085
2275 20540
397715 660632
12265 37225
188218 616818
6192 107576
195684 505562
234643 716804
442338 691956
31432 490087
101256 308432
466555 711020
394627 556857
365768 420719
12437 195670
53788 527015
480842 523173
407072 628115
46878 160861
411750 648667
221472 620902
16314 255384
463779 476583
86849 406436
411093 480960
364820 509641
72804 141618
316758 785812
412198 691584
96418 514510
300687 723910
33463 430221
448466 911978
172672 228074
423094 735960
465353 481609
322691 412713
264446 726372
179405 382936
351738 353266
429526 544917
461639 957084
119793 303924
294550 771836
273280 428017
436903 536116
292134 539370
81953 216315
329031 821138
35151 78629
3071 444926
440786 810428
443309 714091
112862 564416
367581 524686
405759 864339
118594 552378
58524 248395
17842 390274
53935 341330
162859 475038
164110 584439
459215 826904
298426 425328
441617 820152
492860 889410
463812 901691
483795 653716
59303 557578
450065 775046
283360 654186
460563 923418

19619 36559
4673 9800
12890 35046
33044 83023
3969 10864
15921 49298
29586 32319
34268 36889
37985 40606
16976 23960
38085 86257
28235 66764
48172 71058
46543 81175
49581 50529
12593 23989
5251 22764
7595 21509
576 5824
14609 25022
7612 18990
3065 19141
1234 17375
9731 27407
16034 35638
9829 15212
1891 20831
5862 6932
8375 14587
10441 26536
501520 575900
518262 549567
531904 631685
511933 553653
559611 629232
582938 619854
579994 660579
506542 596308
543820 565793
559936 585816
531685 554702
570068 636334
518625 612986
501355 584263
595910 634536
808869 878440
847866 915244
753517 778529
793898 849865
819376 889932
758651 793197
793425 821128
777166 804118
778186 827433
851532 864172
890457 946496
834994 888775
802978 823702
837306 848227
762378 784531
22 42
74 101
26 48
72 106
33 60
52 83
31 68
23 47
29 59
20 45
43 69
34 65
95 132
59 84
10 49
