764586 794767
566051 317510
931270 952708
999999 1
1 999999
141527 451876
598939 287757
134805 151564
419734 308045
231231 993884
1 1
3 1
328897 597853
868951 826994
418693 899598
980145 761382
965506 930564
138530 111968
103338 352318
916273 531951
763677 652850
317849 306409
758079 348311
34799 461369
31737 81166
18612 62589
913035 839709
671415 69726
490198 76149
170569 286518
233752 661725
350267 10883
979150 277739
117122 440902
600588 489002
813087 387788
308735 626037
142588 887935
918708 110989
297845 67415
631670 353121
398311 351421
108372 866339
302349 472629
358936 204748
840068 199618
448056 213988
28345 854270
789402 822405
566787 887896
442998 146879
139395 804777
583800 944874
559712 678600
226025 514718
243905 726623
513192 731991
32460 194794
676521 185667
784605 251046
67770 219
109856 157457
967682 301009
411031 405054
967249 648773
79086 200358
152358 618389
708538 604247
982148 684588
533965 692047
547684 924692
567950 365965
518479 832034
722758 338713
170770 388605
20285 8375
603537 629041
104830 595241
142624 516647
643926 113655
493556 517671
320168 413325
664354 542017
711335 518219
528346 743420
191668 1784
407888 772669
943573 752478
222516 769968
995483 315522
620450 805501
788537 808203
380636 998679
308257 72419
731364 84689
614384 990846
965758 622901
252804 173176
249325 220494
630422 269238
628196 373351
210637 761583
296559 929311
