1       10
100     200
201     210
900     1000
9       9
900     100
887     557
223214  413855
303135  892935
234995  111471
827770  588070
562355  559586
962803  462758
513545  485583
54225   408046
906691  743208
145348  367036
424206  336282
445932  692832
759108  244048
234     829792
875314  509063
765795  699302
579654  249732
231791  938433
421886  570216
118742  19712
709416  118314
636568  691071
642898  476412
825634  92429
547357  809752
281850  437870
617642  663441
31642   547312
602136  348245
103198  577145
791412  326333
80169   46084
524521  873577
306249  965945
416584  72192
333066  326856
522041  33601
906655  246068
9788    133852
887888  149400
335251  682607
51674   370167
712045  864974
708042  106988
782577  39269
93582   87654
930452  28182
883498  297314
413107  888478
61226   29377
550495  25686
440705  181951
29297   752858
844890  331455
670941  910271
933103  600044
233016  331357
222646  437490
497990  690085
155682  424460
586744  125590
264704  448777
471127  813701
629099  580704
504228  232974
81371   536042
135423  15381
186657  726078
641663  466671
583274  652170
849497  80932
676113  483161
354092  608323
724150  624808
517439  202089
498734  385345
74848   514522
344848  107650
449412  390839
614708  648317
107688  954567
124574  714203
166077  172863
377977  292295
228997  90384
312076  321274
283183  832053
271096  403943
863451  795056
139705  720147
460848  484503
779887  494819
299445  586186
620016  317375
537119  242867
557828  106767
274412  798457
1972    853356
895668  856646
458760  811094
595682  706229
387319  245669
874256  903342
587848  219275
237291  304980
56923   532804
868685  406250
428880  8923
598168  72220
942218  424020
600787  204731
279047  811141
500024  652973
407142  700608
961614  362319
45232   466875
556181  233531
220987  967710
174803  170175
662055  359747
692864  296809
728280  72250
1038    262348
253842  911519
760844  116634
979401  137399
134724  542938
167     736794
487122  632362
995839  806476
457190  11703
127044  447925
709317  660658
477713  234293
899890  73606
364266  927605
814501  743114
517640  998151
353794  673987
285354  665016
166226  799495
42892   904702
281447  576391
356465  756273
593758  378368
822607  73464
256204  624319
460076  754585
659914  717214
842492  565128
477493  392599
663161  309034
380056  861527
494179  599424
440970  393829
752720  403154
433283  959144
989537  389989
250642  525496
380421  277193
398388  111707
761048  762764
818011  144872
572198  473429
171202  392677
282594  581934
729804  799439
817183  219348
657529  939824
73383   428838
38346   714517
253394  952666
66074   474434
122953  22566
991564  577819
470418  226354
218355  850914
103858  716626
504731  320677
216778  174267
167484  790354
45337   461092
668527  320887
956014  350469
763891  503246
337578  432186
527425  756759
203829  711282
211670  243426
84798   695430
695301  183144
734087  871125
997896  103294
403309  25646
899960  387292
424635  502667
602799  360382
937900  487108
422057  88686
218250  282519
