9818 820568
997325 279325
519424 816813
190695 970473
136285 36393
917736 389267
601669 906191
409165 667485
109695 99160
888891 909263
933333 993987
509246 601282
306551 122591
279442 82711
63517 86596
92757 245053
970755 851635
702298 716061
148626 125229
614471 790707
316117 373317
822239 486638
477564 160726
580621 417701
898371 136786
225505 498033
727134 189201
624356 479165
4710 416971
470692 817885
700063 45472
830137 627547
299304 985566
823207 204981
213050 718937
548783 619796
913111 247107
417308 94679
450368 583042
881173 173265
199955 680205
284252 704104
848519 734087
527602 880576
962092 176360
430206 105176
960047 364605
656713 217734
424930 861406
497057 647388
66933 582771
212928 338080
465584 143452
496537 907645
592046 493200
990634 52448
796280 466136
470315 450736
898953 244677
106506 956640
374301 6963
918400 870427
852956 652159
682976 838819
676151 966119
241988 206143
826825 29594
849393 836639
463674 478709
508687 641189
709117 380510
721423 254277
102590 611331
630524 397787
751134 722077
966404 848007
138999 862723
307748 865300
810286 101385
460029 73028
741374 358946
592470 623221
32138 964694
165001 764011
406295 548581
520784 786692
688499 293568
846008 856151
357605 175295
37098 544720
491294 904364
918834 750660
312540 628872
509840 685437
615334 224144
991261 679637
423059 91732
982520 6653
641600 472875
796777 19670
37771 232178
210565 933258
131268 321100
54503 745621
983504 746763
52140 747662
145602 550549
143592 380720
691090 728089
663141 537755
497259 278313
963809 932427
622114 116145
16956 848319
801869 842854
439376 347229
805955 691936
589182 703096
415848 903936
674562 226443
406711 268552
502459 18017
816798 501748
694627 671477
331489 848365
902436 42820
998887 933392
922482 957922
914971 548715
286262 297973
327857 527825
862353 933804
522196 206569
134090 6513
792942 27880
909024 324368
338895 718421
308687 425770
78726 102380
874332 492228
50327 366327
952727 536599
870207 156165
250442 821149
186528 63545
179533 166777
609479 812687
28245 834792
238863 90258
554690 244853
588388 824539
308570 797388
449725 32345
764315 192130
907585 926482
471411 430652
386076 393202
701815 943602
573693 576353
154583 527386
836888 265666
322278 520206
263599 362590
813402 68520
351033 420419
349064 877028
520257 850935
486406 825595
220014 417290
335969 821098
963594 179392
419323 902364
213808 424779
164432 580151
781586 96010
794800 455644
202950 791751
743192 199071
284440 419352
220661 993787
368465 415636
512889 421051
955474 505241
909046 152414
506853 903452
19598 613745
950961 893773
417156 558020
995399 870170
91073 232534
324089 159064
721822 789665
955107 538043
29511 131174
2189 279333
27678 953402
287896 481611
824349 153339
970659 345617
356494 342034