792822 796171
4319 51435
67846 105606
70473 6823
74853 104397
98049 48267
599373 602390
941934 943439
110414 89135
83096 41547
82395 82393
52317 99492
97716 84026
89501 33112
198556 193527
106318 51522
41970 4581
82170 101457
33635 44932
112316 63971
41207 69753
2305 10038
18129 28213
81919 111517
2749 97953
196266 191459
75644 46921
104116 35717
19594 19744
68063 81202
414940 412892
50346 4727
82141 109963
664085 663584
96150 60939
41748 78968
38199 35373
9045 21434
23394 17909
43231 63229
38632 364
56933 69580
94864 83342
58977 32956
450461 448948
45119 92880
11582 83363
111246 107452
112229 100270
114123 124179
91359 106795
551425 549239
71564 48546
293234 296119
18137 71596
184095 182758
27154 30685
127201 122968
549933 550342
686190 683017
102268 49153
50853 109486
76002 15408
37219 20730
82256 26372
90925 61721
33236 62033
603598 604291
54235 63361
87100 81169
59856 65528
942282 943193
221702 213327
711705 707269
738825 738135
7936 52728
77420 103428
30755 42867
104550 94842
83518 90466
114473 128451
5013 19694
447265 449419
548961 550385
88314 103114
77672 110331
29659 83214
66860 35688
46614 61295
89002 101928
661427 661651
49707 59779
78317 24882
46083 33734
42917 58531
873795 873918
547149 550017
98212 69961
87741 61566
964250 964607
104139 51777
84924 106340
82283 111968
56058 78501
39210 113168
141667 146389
86599 21236
355206 351561
104459 14426
525677 527500
5305 33147
28190 104958
56674 11818
27810 81353
81859 40616
696918 695881
18519 10455
11580 89070
98028 62303
72546 83425
7339 109851
878963 875849
340830 346286
233669 236698
3191 87334
11279 81826
559530 553552
83866 48179
44877 77281
122952 114120
96192 1648
105498 45017
87190 54985
47297 51970
32058 10006
7206 103043
658802 664463
112366 37312
619920 615426
177546 175493
67790 100805
132822 131900
26665 78156
26866 21068
475345 472753
64740 88966
41832 52994
34122 59682
44008 6990
545233 548244
40060 43217
102887 67293
104087 61756
20762 96727
85640 4151
96394 1083
21817 102853
36743 73988
77166 95558
66882 42549
70867 12608
93990 56907
615 86438
35208 88234
74754 45595
22927 46139
26958 64585
32051 50341
496150 496923
33392 102098
77848 44773
397364 397543
